# Created by Octave 4.0.2, Thu Sep 08 15:56:33 2016 IST <root@xubuntu16>
# name: a
# type: scalar
9


# name: ans
# type: diagonal matrix
# rows: 5
# columns: 5
1
1
1
1
1


